100004914337046
100004990412139
100006321045885
100006418356443
100007559383669
100007730226910
100008319050283
100009664685571
100009937392953
100010222333563
100010322105623
100011147856034
100012014328472
100012145355925
100012277623530
100012298328722
100012404790899
100012504422161
100012663828931
100012928412061
100012939167195
100013249831198
100013763318786
100013815333901
100013920669171
100014977088387
100014997556499
100015289776921
100015338896279
100015362860710
100015799968218
100016017275510
100016053128203
100016597142596
100016852125591
100017021730229
100018435698621
100018901599462
100019284198440
100020369381884
100020939318978
100020992275022
100021932825963
100021965722635
100022344452651
100022372610214
100022479274491
100022541715574
100022720119614
100022777663068
100022986163064
100023166379230
100023254083098
100023273171976
100023438739017
100023537321292
100023579150789
100023728958835
100023815927286
100023846834471
100023965342921
100024088292248
100024116894599
100024126790328
100024189032063
100024396984163
100024554225954
100024610403855
100024747210674
100024882222674
100024900849701
100024952487717
100025003684830
100025089159417
100025622135626
100025680758501
100025692113748
100025716515962
100025724764313
100025857962992
100025918692928
100026038118133
100026056451557
100026413326441
100026632749683
100026674479547
100026686350293
100026755457496
100026920581808
100026969139809
100027020693654
100027105961056
100027345103777
100027415566157
100027491570106
100027567322235
100027639053585
100027642712824
100027727950260
100027729438612
100027849796991
100027928631712
100027943623960
100028022241663
100028024339643
100028199287922
100028234750328
100028238343261
100028301624558
100028305665061
100028328423932
100028368318544
100028428517380
100028438069717
100028485023966
100028521578001
100028552743660
100028600634835
100028622483289
100028811363002
100028830004291
100028852034494
100028855672947
100028874271279
100028883598284
100028890426411
100028942744417
100028955767530
100029125835741
100029190345533
100029196934483
100029212372514
100029225860893
100029282420243
100029361197274
100029561280082
100029767412502
100029886072768
100029904950406
100029935335478
100029973154421
100030051346492
100030111091904
100030112701804
100030157447927
100030186484603
100030251166846
100030309023321
100030334775298
100030350402496
100030397253192
100030424475435
100030438139500
100030480440746
100030572744377
100030617690099
100030656751185
100030698033595
100030714922475
100030715424507
100030847192568
100030877874495
100031046283524
100031176564260
100031208297576
100031319213638
100031419038800
100031429333865
100031475361384
100031489240689
100031659008690
100031663969947
100031694988141
100031749952371
100031946400883
100032145662084
100032154180292
100032313372219
100032569745860
100032953041869
100032967998174
100032980483837
100033160577357
100033236211681
100033312579169
100033337683339
100033400421825
100033425113614
100033538843029
100033556910991
100033657893172
100033705040627
100033781744376
100033823519943
100033828637635
100033840469392
100033855104077
100033880840684
100033888186411
100033906798844
100033907686027
100034000185014
100034013347688
100034030960755
100034069343696
100034121919163
100034191352838
100034220681450
100034309291600
100034362608461
100034384001972
100034420751429
100034498392110
100034520986520
100034608694524
100034645611124
100034664423579
100034702983331
100034729452238
100034735062182
100034742363655
100034820446715
100034859387985
100034922766897
100034931722328
100034956587082
100034957572708
100035016139241
100035024623736
100035033302868
100035038144620
100035179366081
100035241605644
100035248895470
100035269025646
100035279152238
100035312087946
100035313931795
100035331636986
100035331890986
100035353582850
100035370128888
100035377719802
100035391157608
100035400544824
100035420741496
100035440538893
100035473193872
100035474213987
100035496164156
100035543347484
100035547457243
100035553370251
100035573139576
100035580411008
100035582447441
100035587986394
100035648808397
100035657940170
100035662931817
100035679139033
100035705363288
100035738064008
100035753451568
100035783780903
100035800852227
100035804393999
100035852612447
100035855854963
100035863116253
100035938532517
100035970755985
100036000782331
100036007477245
100036034314285
100036038992723
100036201084241
100036204061657
100036236114042
100036241892193
100036242199308
100036252906923
100036270467443
100036354966362
100036371300262
100036433644009
100036443467513
100036455152176
100036476796352
100036485019224
100036488103733
100036530102695
100036550850740
100036572958009
100036577729775
100036581681994
100036596656566
100036669613788
100036708499726
100036746264337
100036760743171
100036761947970
100036772597080
100036783937061
100036850721927
100036864469717
100036904692608
100036920312226
100036949776968
100036956599633
100036962664102
100036969259882
100036989714777
100037034123916
100037039040399
100037040165798
100037044795148
100037044971514
100037053754354
100037054519645
100037070898463
100037071313560
100037072642963
100037115720427
100037124442736
100037135837411
100037155823118
100037166751037
100037192839638
100037204021250
100037222020752
100037237754321
100037261816441
100037277468609
100037280588802
100037297369201
100037303339791
100037317000865
100037351985534
100037362252635
100037384514414
100037436431884
100037446084059
100037455620771
100037482104976
100037504039970
100037587559248
100037612325201
100037626903692
100037633522187
100037633741167
100037671697692
100037679686019
100037682272368
100037691644714
100037694594420
100037704466923
100037732463781
100037738980850
100037751751725
100037791021314
100037815283975
100037815291860
100037844643660
100037863693800
100037875634011
100037881996076
100037913929213
100037918247994
100037945271035
100037956371310
100038003780890
100038007013531
100038056844736
100038078024273
100038081432516
100038082653923
100038104357803
100038116881223
100038133162871
100038145976043
100038154650956
100038155894163
100038160130254
100038164342456
100038192806890
100038199650027
100038203002188
100038207104299
100038219197859
100038239723670
100038240137192
100038245350484
100038245764365
100038293368694
100038319189099
100038325130903
100038335513565
100038340734770
100038348165124
100038350064003
100038398148477
100038400023023
100038411025356
100038424602565
100038427737500
100038438226468
100038440089703
100038441571767
100038454743514
100038488906599
100038500715942
100038513115949
100038532429283
100038535436807
100038538883385
100038542252570
100038552560153
100038578572132
100038624020594
100038624321322
100038629090071
100038649727400
100038674293280
100038675563671
100038675616264
100038677721976
100038687980239
100038696701684
100038699269953
100038700122439
100038700695195
100038718240308
100038732913052
100038750790888
100038766850905
100038773744628
100038808338389
100038819714486
100038834851367
100038867075020
100038923579080
100038933551387
100039020986387
100039028186571
100039028432184
100039043713502
100039045315701
100039153614650
100039161403420
100039226179444
100039282788303
100039283854298
100039290718618
100039326842750
100039437673596
100039468191004
100039499488834
100039520434267
100039532817850
100039672407190
100039718190893
100039721325362
100039745160195
100039795214076
100039801924339
100039850599135
100039924370892
100039931703690
100039973938075
100040014711487
100040074990896
100040092450119
100040110731610
100040134701645
100040171324284
100040172224748
100040210446425
100040287063645
100040350051316
100040381904943
100040484196016
100040615263239
100040693700180
100040716941495
100040726604504
100040731820144
100040743165189
100040778408288
100040782915001
100040806138694
100040826782011
100040856236523
100040887331741
100040938961221
100040990182874
100041002566941
100041004397964
100041011841820
100041012012488
100041042031345
100041153558919
100041156641570
100041189566567
100041199994283
100041227031436
100041332554362
100041347039620
100041404126471
100041406051676
100041417177228
100041433601711
100041436440214
100041469584182
100041473242205
100041474470339
100041480977596
100041482545578
100041511165262
100041526226278
100041532264352
100041579046075
100041580114084
100041583591933
100041605071424
100041685232274
100041691398590
100041788397177
100041789681559
100041848898940
100041856619729
100041943558321
100041986035718
100042059611035
100042088876206
100042092264651
100042119000109
100042155085247
100042260738927
100042302104690
100042320540308
100042334249379
100042404679620
100042446822832
100042472580064
100042476207517
100042513859653
100042649784626
100042698646120
100042723070854
100042757500523
100042761798610
100042785462462
100042813613096
100042821083739
100042847700659
100042864183790
100042876760414
100042928420868
100043002313746
100043009933135
100043043524576
100043077120359
100043083534079
100043083615656
100043089165932
100043114493605
100043127143468
100043165367486
100043172771972
100043175270263
100043212544719
100043231901561
100043264352541
100043292382606
100043371430411
100043437875349
100043450119974
100043486088143
100043569780719
100043599254894
100043616812199
100043663051043
100043700150281
100043742625288
100043769290064
100043779383907
100043802498228
100043917527899
100043944813083
100043981350936
100043983528083
100043984023984
100044037090395
100044049932649
100044054558542
100044065314206
100044066690266
100044087956988
100044104943917
100044115129668
100044140290566
100044265493785
100044265902787
100044303103474
100044312565125
100044324032856
100044338099162
100044341991679
100044397938406
100044425372782
100044465233420
100044481455598
100044506374172
100044532104627
100044536806596
100044570311500
100044571156582
100044579507354
100044613308663
100044626290387
100044657599666
100044735887204
100044739308193
100044816260483
100044820725557
100044830624726
100044835997875
100044865799109
100044888989564
100044907664298
100044917329506
100044928335183
100044936460067
100044982161722
100044989610349
100045022273277
100045030534003
100045033887548
100045037670063
100045138888202
100045153288665
100045298294972
100045301539302
100045314227469
100045325269236
100045348648834
100045392165808
100045440662325
100045464646935
100045505111820
100045586535217
100045607561265
100045623153325
100045711102844
100045745639540
100045768951917
100045794738654
100045804468215
100045826295621
100045843351206
100045860012040
100045860837425
100045889897652
100045897499402
100045913681730
100045919845667
100045933374283
100045940756917
100045982095699
100045984770065
100045996829332
100046045141318
100046063575138
100046084967307
100046092276784
100046142438402
100046156792690
100046210953851
100046216088082
100046255751956
100046261820073
100046263530504
100046321605884
100046426984134
100046457590580
100046477776243
100046503217558
100046510690820
100046516644200
100046527682978
100046547239229
100046552974126
100046558471936
100046610072870
100046656703862
100046670042436
100046670680224
100046688580125
100046689285344
100046707672586
100046710648597
100046713156488
100046724229385
100046728558052
100046742737861
100046747147626
100046752550901
100046759131972
100046763046556
100046771643278
100046775061305
100046783578534
100046800783581
100046805271148
100046808930819
100046874868057
100046884968282
100046885085037
100046945188617
100046950170453
100046978936540
100046980403567
100046986541116
100046990549233
100047003678589
100047018018181
100047061021863
100047061081701
100047131847473
100047134561141
100047144954804
100047156205563
100047172663034
100047193186273
100047202340450
100047202997732
100047204015737
100047205572710
100047215835280
100047222621774
100047241170911
100047257447741
100047282269846
100047292532105
100047298735002
100047300691686
100047304221521
100047342170796
100047346200777
100047371969772
100047382379890
100047394940691
100047398941286
100047425333485
100047450572960
100047503426460
100047504604017
100047505128206
100047508082882
100047509983735
100047511526870
100047514397349
100047516599177
100047518411860
100047560789400
100047561478762
100047571547751
100047572371807
100047576474965
100047584899469
100047587181585
100047594111559
100047594590972
100047616188501
100047620757140
100047624619620
100047628939866
100047649066569
100047649437325
100047663559359
100047678315436
100047685861939
100047692219125
100047709224295
100047747181038
100047787184170
100047792916357
100047806900700
100047821350905
100047821591184
100047822352623
100047826721196
100047840070066
100047862071897
100047889473771
100047890353281
100047899279267
100047917189802
100047925901797
100047931333472
100047935508695
100047936402516
100047940096884
100047945079452
100047963630666
100047979641108
100048010513149
100048020502466
100048022206980
100048023743601
100048026711331
100048033879078
100048056241235
100048059641158
100048063772756
100048068313141
100048081165342
100048097878963
100048097920740
100048116000606
100048119627864
100048122677622
100048125173828
100048140689585
100048161782157
100048177811148
100048187920350
100048191237568
100048208297547
100048211442321
100048218872662
100048223023361
100048228890141
100048249288647
100048256402823
100048261245469
100048265157775
100048274518868
100048275472806
100048285382564
100048301424118
100048301513108
100048304419710
100048323372095
100048353000649
100048358629835
100048375519213
100048389555148
100048434767659
100048452499987
100048460505586
100048461169505
100048488233088
100048502024360
100048506468479
100048507318812
100048538008004
100048559808026
100048569285872
100048579861501
100048582051522
100048599831198
100048603651645
100048624590900
100048641062732
100048648113916
100048649944189
100048663693911
100048693259860
100048700521216
100048715774013
100048746313415
100048749050325
100048757783601
100048763072412
100048768219690
100048804789153
100048834940044
100048876977306
100048949883798
100048959899296
100048982152511
100049038817250
100049039221534
100049043790275
100049070175818
100049074971862
100049082225128
100049133018337
100049135643940
100049183821712
100049275037617
100049279995075
100049291187620
100049302623601
100049371917918
100049382550277
100049442511213
100049479660050
100049563571895
100049568139409
100049590680979
100049626921560
100049653679970
100049668489942
100049684262621
100049687802983
100049718820876
100049730033955
100049735355024
100049786641171
100049801155094
100049804982704
100049845429309
100049875825192
100049876388498
100049909194296
100049947301344
100049948480200
100049986435016
100050031032784
100050032206838
100050050140014
100050086041199
100050093229113
100050136681123
100050231597737
100050235502229
100050276122000
100050285236592
100050289682864
100050299244780
100050313527554
100050333612016
100050361190756
100050370313061
100050370383727
100050376512160
100050393270616
100050422960540
100050423044178
100050435602029
100050471902690
100050477629181
100050480151579
100050492603423
100050505795551
100050517552208
100050526422598
100050528363297
100050538244128
100050557813527
100050571741471
100050579507050
100050580940622
100050585080969
100050629148981
100050661669799
100050673662894
100050678201360
100050680332544
100050712244033
100050747888989
100050763635470
100050780821250
100050810674430
100050851891756
100050899264345
100051007231878
